4294967278,132
4294967278,131
4294967278,130
4294967278,129
4294967278,127
4294967278,124
4294967278,120
4294967278,118
4294967278,116
4294967278,115
4294967278,114
4294967278,113
4294967278,110
4294967278,109
4294967278,108
4294967278,107
4294967278,106
4294967278,105
4294967278,104
4294967278,103
4294967278,102
4294967278,101
4294967278,100
4294967278,99
4294967278,98
4294967278,97
4294967278,96
4294967278,95
4294967278,94
4294967278,93
4294967278,92
4294967278,315
4294967278,91
4294967278,90
4294967278,314
4294967278,89
4294967278,87
4294967278,86
4294967278,85
4294967278,84
4294967278,83
4294967278,82
4294967278,81
4294967278,80
4294967278,313
4294967278,79
4294967278,312
4294967278,78
4294967278,77
4294967278,76
4294967278,75
4294967278,74
4294967278,309
4294967278,73
4294967278,72
4294967278,71
4294967278,308
4294967278,70
4294967278,69
4294967278,68
4294967278,67
4294967278,66
4294967278,65
4294967278,64
4294967278,63
4294967278,62
4294967278,61
4294967278,60
4294967278,59
4294967278,58
4294967278,57
4294967278,56
4294967278,55
4294967278,54
4294967278,53
4294967278,52
4294967278,51
4294967278,50
4294967278,49
4294967278,48
4294967278,47
4294967278,46
4294967278,45
4294967278,44
4294967278,43
4294967278,42
4294967278,41
4294967278,40
4294967278,39
4294967279,174
4294967279,260
4294967279,14
4294967279,13
4294967279,11
4294967279,9
4294967279,6
4294967279,4
4294967279,268
4294967278,363
4294967279,19
4294967279,267
4294967278,275
4294967278,286
4294967279,553
4294967279,17
4294967294,38
4294967294,37
4294967294,437
4294967294,36
4294967294,39
4294967294,424
4294967278,283
4294967279,552
4294967279,0
4294967279,264
4294967278,267
34,6
4294967278,281
34,5
34,4
34,3
34,2
34,1
4294967279,275
4294967294,40
4294967294,17
4294967294,99
4294967294,76
4294967278,362
4294967279,8
4294967278,263
4294967294,22
4294967279,7
4294967279,274
4294967278,279
4294967294,41
4294967294,427
4294967294,52
4294967294,91
4294967294,90
4294967294,87
4294967294,86
4294967279,5
4294967279,281
4294967278,258
4294967278,257
4294967279,551
4294967278,361
4294967278,128
4294967294,107
4294967294,42
4294967294,51
4294967294,84
4294967294,82
4294967294,7
4294967294,94
4294967294,93
4294967294,96
4294967294,95
4294967278,360
4294967278,126
4294967279,550
4294967278,359
4294967278,125
0,7
4294967279,549
4294967294,419
4294967294,1174
4294967294,8
4294967294,9
4294967294,53
4294967294,2
4294967294,44
4294967294,1
4294967294,45
4294967294,1017
4294967294,0
4294967294,43
4294967278,254
4294967294,417
4294967278,358
4294967278,123
4294967294,81
4294967294,85
4294967294,1173
4294967294,29
4294967294,28
4294967294,1016
4294967294,27
4294967294,1018
4294967294,26
4294967279,548
4294967278,122
4294967294,67
4294967294,25
4294967294,1098
4294967279,249
4294967278,121
4294967279,248
4294967278,248
4294967294,475
4294967294,92
4294967294,88
4294967279,247
4294967278,119
4294967279,245
4294967278,244
4294967278,117
4294967278,242
4294967279,236
4294967278,240
31,6
4294967279,239
31,5
4294967278,238
31,4
4294967279,237
31,3
31,2
31,1
4294967278,237
4294967279,547
4294967278,112
4294967278,235
0,5
4294967279,234
4294967278,111
4294967278,233
4294967279,232
4294967279,229
4294967294,409
4294967294,413
4294967294,178
4294967294,420
4294967294,414
4294967294,403
4294967294,410
4294967294,118
4294967294,451
4294967278,229
4294967279,227
4294967279,228
4294967279,225
4294967279,223
4294967279,217
4294967279,221
4294967279,219
4294967279,218
4294967279,215
4294967278,214
4294967278,213
4294967278,357
4294967279,213
4294967279,212
4294967279,211
28,4
4294967279,210
28,3
28,2
28,1
4294967279,546
4294967279,209
4294967278,356
4294967279,545
4294967279,205
4294967278,355
4294967278,205
27,6
4294967294,474
4294967278,354
4294967279,203
27,5
27,4
4294967279,200
27,3
27,2
27,1
4294967279,544
4294967278,199
4294967279,199
4294967279,196
4294967278,353
4294967279,543
26,5
4294967279,542
4294967278,352
4294967279,194
26,4
26,3
26,2
26,1
4294967279,193
4294967278,351
4294967278,189
25,4
4294967279,189
25,3
25,2
25,1
4294967294,436
4294967279,188
4294967278,350
4294967294,5
4294967279,541
4294967278,349
4294967279,540
4294967278,348
4294967279,539
4294967279,538
4294967278,347
4294967294,471
4294967279,537
4294967279,181
4294967279,536
4294967278,260
4294967278,0
4294967294,6
4294967294,1418
4294967294,83
4294967293,131
4294967293,130
4294967293,129
4294967293,128
4294967293,127
4294967293,126
4294967293,125
4294967293,124
4294967293,123
4294967293,122
4294967293,121
4294967293,120
4294967293,119
4294967293,118
